reinitialize
bg_color white

fetch 1eft , async=0
spectrum count, rainbow , /1eft
dss /1eft
hide everything
show cartoon , /1eft

create dom1 , /1eft//A/1-216
create dom2 , /1eft//A/216-312
create dom3 , /1eft//A/312-415

disable dom*

set_view (\
     0.970812619,    0.177862227,    0.160892591,\
    -0.202111810,    0.967874765,    0.149567798,\
    -0.129120708,   -0.177720472,    0.975573301,\
     0.000012669,    0.000032976, -196.543975830,\
   100.165237427,   -9.630172729,   35.475730896,\
   146.718963623,  246.370941162,  -20.000000000 )

scene F1, store

disable 1eft
enable dom1

set_view (\
     0.101382203,   -0.869766295,    0.482935458,\
     0.764149070,    0.378917873,    0.522014081,\
    -0.637022793,    0.316110820,    0.703047991,\
    -0.000089856,    0.000164494, -148.735092163,\
    99.699371338,    0.472267151,   28.675951004,\
    98.911270142,  198.563232422,  -20.000000000 )

scene F2, store

disable dom1
enable dom2

set_view (\
    -0.182298630,   -0.620858133,   -0.762430727,\
     0.504322231,    0.606613278,   -0.614558160,\
     0.844054163,   -0.496544927,    0.202526122,\
     0.000174500,   -0.000064503, -113.161956787,\
    88.722511292,  -17.520780563,   38.516571045,\
    63.340049744,  162.991958618,  -20.000000000 )

scene F3, store

disable dom2
enable dom3

set_view (\
    -0.882570863,    0.222464055,   -0.414218009,\
    -0.101560161,    0.769985259,    0.629928887,\
     0.459077239,    0.598025560,   -0.656973243,\
     0.000199407,    0.000064801,  -97.588050842,\
   111.341186523,  -30.141954422,   40.173759460,\
    47.767807007,  147.419723511,  -20.000000000 )

scene F4, store